   -2.190   -5.080   12.470  -22.100   -0.550   22.800  -13.370   -6.160
    7.950   16.440  -23.790    0.390   23.920  -12.310  -11.840   11.350
    7.520   -0.160  -17.050  -11.410    6.790    8.830   -9.710    1.370
    7.340    3.790    1.970    9.940   -4.070  -15.500    4.220   17.520
  -13.550  -12.960    8.780    8.160   -2.660   -0.590    2.720   -2.220
   -2.820   -0.040   -4.090    8.850   16.080    8.400  -22.120  -10.680
    7.990   11.450   -8.450   -6.310    9.780    0.810  -15.670   -3.570
    9.710    9.880    9.560   -7.880  -17.090    0.440   11.540   13.960
    4.410  -18.420   -2.000   10.290    7.450    4.190   -2.600   -1.830
   -4.740  -12.120   -4.700    9.250   12.480    4.310  -19.300   -5.450
   11.240    7.120    1.300    8.420   15.920   -8.320  -15.480   -4.960
    4.770    4.060    3.790    4.350   -2.770  -11.190   -9.110   -5.220
    3.040   12.550   10.660   -8.330   -7.090    1.580    1.430   -2.660
   -2.650    1.930    0.430   -3.140   -1.010   -2.840   -5.970   -3.400
    1.050    9.670   14.400   -0.620  -22.400  -12.140   14.240   13.510
    8.790  -10.540    0.700   12.630    6.330   -5.200   -4.680    5.560
   -0.680  -17.540  -20.170  -10.240    8.390   13.910    0.300  -18.290
   -8.410    6.760   11.860    9.980   -1.930   -4.240   -9.370  -32.450
  -36.600  -16.690   21.410   24.970   28.920   12.280   -8.620  -27.420
  -20.740   -6.750   12.020   13.810   -2.060  -24.620  -53.060  -51.020
  -46.270   -4.520   47.730   83.890   87.060   -6.690  -31.310    1.700
   29.550   98.960   97.310   30.350  -53.320  -92.310  -35.110  -65.680
  -50.060  -16.590   62.010   28.700  -25.400  -69.320  -62.050  -13.240
    9.860  -21.150  -49.490  -25.180    1.430    1.680   23.690  110.250
  148.120   96.340   11.570  -40.880  -36.750   55.890  127.030   91.330
  -49.250  -97.790  -79.290  -81.680   66.060   97.150   -5.860  -56.210
  -61.880  -64.710  -26.520   36.270   34.070   16.480    0.150  -35.870
  -52.320  -38.420   -5.380   48.540   64.870   32.050   -2.260   15.290
   32.360   11.600    3.860   11.070   11.580  -18.740  -37.970  -30.490
  -17.240   -0.580   -5.390  -50.630  -50.850  -39.440   18.270   48.030
   27.590    4.760   11.060   27.140   21.120   -4.350    5.120   19.990
    4.730  -21.890  -39.760  -19.000    9.420   12.960  -33.440  -28.960
   -9.990   14.390   14.720  -15.590  -21.770   -5.680    7.620    7.620
  -10.140   -5.950   12.290   28.420   31.750   -3.590  -22.520  -10.850
  -14.310   -7.110    3.590   40.220   47.040   11.110  -32.280  -18.340
   -6.080   11.230   -1.560  -21.060  -24.170  -19.510   15.220   13.720
   11.270    1.500    3.430   10.460   16.980   14.510    3.550   -9.540
  -29.620  -32.380  -24.690   -1.560   26.340   25.660   16.170   -0.940
   -2.580    9.530   13.310    5.700   -6.880  -10.750   -9.420  -16.890
  -18.090   -8.160    1.810   14.290   14.320   10.210   20.960   25.370
   22.220   10.450   -2.070  -11.450   -9.850  -10.300  -15.050  -26.480
  -20.880   -6.570    9.480    9.030    5.450    1.390    3.640    9.110
   11.220    4.630   -0.120   -2.770    1.670   10.610   23.980   22.930
   20.510   11.320   -4.320   -7.410   -6.870    1.040  -15.770  -23.500
  -37.480  -37.600  -28.800  -27.090  -15.940  -11.080   13.170    9.010
    1.310   -7.090   -2.370    6.400   16.660   22.740   19.300    8.900
   -7.070   -6.400   -2.400    1.180    2.350   -4.700  -11.220  -14.030
   -9.590    6.260   15.930   19.120    7.440    0.800    5.650   12.140
   12.560    5.250   -1.630   -0.300    5.850   11.580   11.430    6.620
    1.770    4.600    5.110    4.050    3.100  -11.710  -13.930  -16.660
   -9.300   -1.060   -3.980   -8.570  -13.920  -11.810   -9.740   -2.520
   -0.500   -2.970   -7.260   -2.150    4.130    3.150    0.700    1.970
    3.380    4.940   10.870   20.320   15.430   10.100   -4.500   -5.540
   -6.950   -4.950    1.050    1.360   -2.010  -11.760  -15.790   -1.800
   16.840    8.980    9.870    1.910    3.280    5.480    8.050    5.290
    2.850    0.950   -0.580   -5.620  -10.420   -3.770    0.680   -2.580
  -11.610  -14.360  -12.240   -5.960    1.460   -2.330   -3.320   -3.780
   -3.290    2.130    5.170    4.870    7.700   10.680   11.830    8.810
    6.180    4.770    3.220    4.780    7.520    4.530   -1.870   -4.280
   -0.850    0.370   -0.610   -2.860   -3.340   -2.140   -1.720   -5.530
   -6.850   -5.880   -6.600   -6.080   -7.020   -5.400   -0.870    1.180
    1.050   -0.510   -0.450    3.050    4.600   -3.100   -4.780   -2.060
    1.450    6.640    4.130   -1.960   -8.110  -10.920   -4.760   -1.210
    2.550    1.020   -0.330    3.010    3.170    2.320    2.840    5.130
    5.040    1.660   -0.820   -3.250   -1.500    0.640    1.460    1.960
    2.310    2.480    3.150    2.450    2.600    1.540    0.800   -1.260
   -2.060   -4.010   -6.060   -5.940   -4.230   -2.190    2.540    5.780
    7.510    8.520    7.190    8.330    3.130   -4.760   -5.550   -7.800
    1.380    4.170    1.210   -8.590   -6.840   -3.330   -0.320   -1.120
   -3.870   -7.440   -6.530   -3.200   -2.370   -3.790   -0.870    6.810
   12.490    7.800    3.610    2.520    3.660    5.950    5.600    0.830
   -3.090   -2.150   -2.570   -3.320   -3.480   -1.370    0.310    1.110
   -1.260   -2.670   -2.090   -0.510   -0.580   -4.230   -6.010   -5.830
   -4.980   -2.740    2.080    5.090    7.730    8.190    7.030    5.110
    3.200   -0.790   -2.340    0.110    1.970    2.960    0.760   -0.700
    0.140    0.620    0.170   -1.380   -4.690   -6.490   -6.690   -7.650
   -7.030   -5.470   -6.500   -6.810   -6.700   -2.790    0.130    0.940
    1.530    2.550    4.370    7.230   12.660   13.550   12.500   11.170
   12.600   12.030   10.890    6.550    1.900   -2.620   -5.590   -4.840
   -5.500   -8.620  -12.600  -13.990  -13.560  -11.040   -7.480   -0.580
    0.830   -0.960   -0.180    4.290    7.450    7.590   10.430    7.500
    5.930    6.200    7.290    7.090    1.580   -3.600   -4.050   -3.950
   -3.910   -4.300   -5.480   -4.670   -0.980   -1.800   -3.150   -2.380
   -0.500    0.650   -0.600   -3.390   -3.950   -4.610   -4.580   -4.340
   -2.670    1.750    2.960    3.990    6.320   11.650    9.130    8.560
    2.730   -0.500   -2.470    0.540    0.200   -1.280   -4.180   -3.100
   -2.320   -1.550   -1.490   -0.950   -1.700   -2.670   -4.450   -3.570
   -3.200   -2.310   -0.700    2.210    1.840    0.900    1.210    3.260
    3.970   -1.370   -3.110   -1.310    1.540    3.350    1.150   -0.740
   -1.710   -0.170    1.540    3.820    0.930   -0.490   -1.740   -3.140
   -4.480   -4.930   -6.040   -6.390   -3.180   -1.260    0.620   -0.270
   -0.800    0.990    4.210    2.920    1.460    2.030    4.220    7.430
    6.290    1.410   -0.140    2.000    2.260    2.260   -0.390   -2.040
   -3.260   -3.240   -2.390   -3.620   -1.240    0.270    0.100    0.170
   -0.200   -0.940   -1.270   -1.820   -1.990   -2.730   -0.690    1.400
    4.980    5.420    2.910    3.340    5.670    7.010    5.250    0.500
   -0.430   -0.070   -0.230   -2.170   -2.990   -0.500   -0.820   -2.180
   -8.810   -9.130   -7.600   -2.000    3.510    2.230   -1.080   -0.850
    0.240    3.150    5.130    1.340    1.310    1.880    2.710    0.410
   -1.210   -0.410    0.630    0.560    0.410    0.860    0.440   -0.640
   -3.330   -2.840   -2.690   -1.690   -0.320   -0.400   -1.030   -0.900
   -0.780   -0.090    0.290   -0.040   -1.060   -0.960    1.370    2.400
    2.000    1.590    1.610    1.410    1.110    0.960    1.460    1.050
    0.290    0.130   -0.220   -0.070   -0.340    0.330   -0.440   -2.350
   -0.820   -0.080   -0.170   -0.660   -0.660   -1.060    0.530    3.900
    5.060    3.750    2.320    2.450    3.510    5.530    4.420    1.770
  -13.140  -10.550   -8.830   -7.980   -0.860